107787	90.02
183739	88.31
176492	89.58
329437	87.66
118585	89.05
190985	90.99
257686	90.61
455172	88.67
212871	87.99
131504	87.33
29407	87.00
475984	88.75
262181	90.30
255957	90.12
367682	89.91
12462	88.18
341399	88.34
299699	89.53
410065	89.35
172042	88.41
153971	88.05
296800	89.10
59195	88.71
297262	87.84
407211	87.10
185345	87.09
114007	85.39
410857	85.48
169246	84.65
56078	84.43
475872	86.10
69119	87.95
3207	89.06
470979	89.29
285522	91.07
81773	90.78
67068	92.65
482743	94.62
349376	93.65
330784	94.51
107526	94.34
192658	93.40
78516	95.21
59985	96.37
376672	97.30
412610	98.19
196613	98.47
86434	100.31
365418	102.01
459984	102.73
42173	103.67
282309	103.18
477192	103.61
218721	103.97
287806	102.40
91658	103.74
348326	104.34
171818	104.37
472991	104.09
421092	103.91
104902	103.53
483943	101.84
160038	102.54
136394	102.52
383991	103.31
204702	101.81
180302	102.09
377858	100.63
296465	101.82
285501	103.14
208452	101.44
172846	102.82
354987	101.48
382449	102.39
315216	102.72
13608	102.56
422940	103.39
223473	101.51
17993	99.54
171919	99.80
128882	100.38
463759	100.32
426156	98.63
42321	98.75
14622	99.54
130865	100.76
15413	99.04
240	100.54
273517	99.57
324586	100.05
58189	100.78
111931	102.65
453404	100.88
275350	101.84
214165	100.94
153838	101.81
315425	103.62
395580	103.81
272160	102.38
225279	100.97
89494	99.59
73257	101.04
333063	103.01
256603	101.86
226326	103.82
90152	103.52
345338	102.88
447527	102.65
103842	103.20
364980	103.43
386508	101.53
330012	103.24
126548	103.75
251327	104.57
246672	103.31
127203	104.89
40139	104.46
17245	104.42
42410	104.69
421854	105.70
480164	105.92
308233	104.51
1640	103.02
30141	104.73
185438	105.39
198049	106.34
221812	107.80
88505	109.30
177355	110.59
293226	109.96
161398	110.77
404069	110.53
61791	110.20
16685	111.18
9002	109.26
297773	108.18
473149	107.40
396822	108.67
16318	110.56
451832	110.20
84696	111.89
334124	110.59
497423	109.92
217493	111.55
278367	113.45
410363	114.37
273390	114.62
423939	114.07
379256	113.05
181750	111.67
285979	111.05
172108	112.54
148370	113.59
232756	112.65
455407	114.34
1763	112.51
102576	111.42
479659	112.28
237869	113.35
54561	114.16
222961	114.09
437173	115.32
84912	113.34
260675	114.71
497499	113.07
304387	111.57
495463	112.78
60229	111.03
379155	109.36
484911	110.24
345681	111.76
29809	111.24
404124	112.13
466049	112.72
433076	112.48
116278	111.23
393313	111.73
102980	112.50
136514	111.51
405876	112.67
76464	113.55
434256	114.06
167714	112.18
408856	112.35
423141	111.12
165977	111.70
139127	112.50
461519	114.28
112812	113.70
363579	112.96
252029	111.08
17475	110.99
80739	110.86
59437	110.88
214245	109.64
59013	108.57
398130	106.58
259761	106.33
204137	105.23
110411	103.49
479848	104.20
158127	103.03
191411	102.07
176	101.83
50471	101.89
291725	103.10
340215	104.60
121958	104.96
239935	104.58
330660	106.30
316362	106.22
273504	106.73
119991	107.79
56241	107.49
491111	106.54
364094	105.97
357518	107.85
94158	108.11
51886	107.96
359866	109.49
381676	108.59
352993	106.74
307646	105.31
326373	103.54
1316	102.70
14016	102.32
456190	101.82
209617	100.16
83114	100.52
248114	100.96
347733	99.34
378170	99.18
481201	98.83
380941	99.19
77568	100.93
137904	100.77
370026	101.13
97798	100.48
475882	98.62
260566	98.48
266157	96.73
325371	95.94
211710	97.20
61519	96.17
447390	97.66
360435	97.60
197452	97.28
299607	97.38
293762	96.90
215453	96.64
473600	95.95
417177	96.71
431880	98.02
309003	98.49
407624	96.97
212707	96.43
254619	94.98
5903	94.24
192528	95.12
381258	93.44
352910	92.45
471569	91.77
99054	93.34
232918	92.27
254101	90.52
256525	91.30
394444	89.66
54238	88.99
301001	88.05
176024	88.20
407168	88.20
293295	87.05
159776	87.94
234673	88.32
79506	87.12
190721	87.24
396048	87.02
425643	87.46
95466	86.69
182927	86.84
436183	87.79
312483	88.72
278059	88.06
232087	87.06
32628	88.89
70953	89.26
59769	90.81
270048	90.23
240397	89.95
130639	89.27
354738	87.83
249250	88.74
318450	87.48
145040	86.53
478290	88.35
72302	87.63
216304	88.81
304741	89.24
391851	88.57
294989	89.98
206529	89.84
17289	89.00
36914	87.17
441534	88.93
433117	88.30
140226	89.06
220878	88.14
120177	87.22
247414	85.46
214409	86.68
187736	84.94
136283	86.69
372533	88.37
174545	87.75
290758	86.55
270153	85.85
183683	87.10
107468	88.82
311558	86.95
36350	88.11
445186	89.28
360102	90.97
63051	89.64
372484	89.46
466145	90.12
305974	90.19
496975	89.48
239102	87.49
369798	85.65
264564	85.68
218389	84.80
470505	86.49
21851	85.46
458396	86.03
188970	84.84
179395	85.34
53545	83.82
65001	83.58
317588	82.03
91426	83.79
100922	85.75
33814	85.53
26383	86.97
483868	87.14
48108	86.46
42567	87.13
221046	85.67
283580	87.31
321286	89.06
178425	89.52
374997	89.96
388891	90.33
80209	90.30
495651	89.17
40405	89.57
196967	88.32
254961	88.31
227713	86.67
370677	87.60
37301	89.44
24852	88.58
51719	89.01
88409	88.97
189475	89.11
280611	87.69
99842	86.26
310212	84.39
481618	83.09
195413	84.65
269185	85.31
310713	85.58
437271	84.48
182673	85.21
73303	86.49
93028	85.20
306309	86.52
255713	84.85
162288	84.11
325965	83.36
68030	83.43
50558	84.65
213952	86.25
398049	84.90
232113	84.65
211796	86.45
361151	85.72
426201	84.07
145556	86.06
263281	85.16
166404	86.73
375876	85.01
465603	86.34
470954	84.53
13042	83.83
248637	82.15
23760	80.94
405547	79.74
220564	81.18
499483	81.15
405015	82.54
239048	83.93
312296	84.19
94734	82.61
236333	80.65
326746	79.60
475355	77.96
472115	79.52
105445	79.94
37633	80.63
127347	80.72
409914	80.46
484948	80.76
50049	82.70
35971	82.95
158475	83.95
145708	83.46
375173	85.00
256721	86.43
484963	87.62
306828	87.52
388722	89.15
122871	88.83
7584	89.19
481111	90.07
89198	91.11
80483	90.25
495077	91.68
222176	90.93
498696	89.46
324120	90.71
119816	91.01
124832	90.09
184167	88.40
376204	88.84
437276	89.85
243185	88.83
220231	88.02
373233	89.69
323989	91.10
77427	90.20
309950	89.50
415121	89.76
410592	88.09
313707	86.98
209495	87.66
240079	88.92
51166	89.52
17930	87.79
429796	87.93
271727	88.40
334199	88.02
22287	89.72
458862	89.15
167861	87.27
146746	85.46
468365	84.10
245905	85.22
490794	85.79
408856	84.02
498788	85.62
133766	86.11
400903	84.27
457734	83.95
488426	83.33
369184	83.98
53636	82.55
301318	84.13
316111	82.50
487600	81.59
156126	82.25
399116	82.92
42873	82.84
18869	84.49
237698	83.23
29418	85.22
119877	83.38
232802	82.86
468415	83.40
311942	85.01
242235	84.89
14669	83.17
463443	82.11
110846	83.17
448443	82.76
111391	83.35
295494	82.62
469116	81.86
378162	81.48
29779	79.99
316471	78.13
269731	78.71
23324	77.59
461803	78.25
91956	76.39
369507	74.54
212696	76.35
158807	77.09
25511	75.60
145270	75.57
489334	76.24
213829	74.57
250576	75.13
126095	75.45
375608	77.22
236813	78.85
239128	80.74
35134	81.47
357633	80.60
158688	79.21
282945	79.02
472639	80.57
258791	81.76
88492	81.88
121645	83.29
273989	84.42
205970	85.82
196732	87.31
215389	86.42
156457	87.75
49715	88.49
227987	87.42
444651	87.42
255736	88.72
123045	89.26
154886	91.11
220768	90.97
33386	92.29
267900	92.33
466173	91.88
273475	90.10
179142	91.38
413354	92.92
243039	91.98
294293	92.64
442724	91.31
425144	91.45
497033	91.48
209878	90.54
421312	91.39
290022	90.91
131657	91.71
402505	90.04
377709	90.28
145760	90.46
328305	90.01
248389	91.97
79277	90.86
34055	92.12
360815	91.35
199663	92.42
133018	90.51
372516	88.67
411864	87.50
490445	87.35
247656	86.15
338385	84.19
483398	83.58
216083	84.25
337042	84.74
312450	86.56
432133	86.50
358881	85.58
22401	85.86
182084	86.49
148576	87.26
331896	88.15
173540	89.77
186895	90.75
65486	90.80
246977	92.48
37743	93.86
53089	94.29
244577	92.49
457211	92.39
385808	91.12
342321	92.82
107844	91.65
228950	93.64
288750	92.63
131707	91.62
457484	91.70
415452	91.60
378126	91.62
273724	91.94
92689	93.07
82679	92.32
98431	94.00
106990	92.84
340793	91.21
153233	89.49
389464	88.93
465268	90.14
255878	89.39
267344	87.71
230805	89.23
262135	87.41
225932	88.06
295738	89.62
174800	91.03
444955	89.78
353181	89.03
453573	88.83
299222	89.65
134703	87.70
433581	88.05
114366	88.01
486677	87.08
207414	85.13
5528	84.47
153416	86.42
299139	84.80
416533	86.47
404698	84.76
190817	86.45
15909	87.67
5368	85.71
258225	86.07
372912	86.00
472771	85.52
365891	84.53
254561	86.17
28246	86.07
152213	86.49
398694	87.54
51385	88.58
308386	88.02
480890	89.41
294828	90.47
45939	89.53
441727	89.26
443499	89.12
388084	89.32
261759	87.87
347395	88.08
312399	86.83
90352	88.30
279269	87.69
414882	85.73
188255	85.68
137620	87.11
383688	88.10
274656	90.06
194353	89.12
96534	90.65
172015	91.25
404001	89.76
363269	88.53
275340	89.76
45831	90.64
147512	88.83
446276	87.48
229388	89.36
8742	88.69
485608	90.56
42327	90.64
230286	91.16
390574	92.27
4081	93.00
365636	93.00
21178	94.40
428785	93.61
48308	94.37
251480	93.16
332764	94.46
123204	95.99
484254	96.70
473564	97.02
419459	96.29
220468	97.33
97552	95.44
171979	97.30
343788	99.13
403989	101.10
63287	100.42
401864	100.35
124439	99.76
135014	100.52
296857	98.80
401662	97.98
495260	98.33
241514	100.32
70350	101.05
243860	99.51
270787	100.50
153090	99.71
416745	99.91
324742	98.92
267655	98.64
282269	99.72
217870	99.34
128338	98.01
426108	98.51
208543	97.87
194420	96.41
265559	98.22
28813	99.96
468436	98.99
107049	97.48
315054	98.87
378328	99.16
345367	100.47
404503	98.79
448580	98.40
348884	99.07
201405	97.43
391657	96.97
93135	98.62
424501	99.55
198965	101.24
334540	100.33
342840	100.30
449026	102.14
239801	101.09
475377	99.81
426542	100.99
262738	102.52
400709	104.50
148845	105.55
323858	104.51
191665	105.28
2840	104.90
369370	106.06
233714	104.97
304415	106.16
324950	104.24
28174	106.08
459253	107.82
119326	108.15
115444	106.25
246307	108.10
439301	108.09
7088	108.86
370524	108.90
10893	108.30
244376	108.79
305082	106.99
84669	108.53
176271	109.71
53447	109.28
382458	110.66
63251	111.88
389612	110.44
359621	110.65
196729	111.29
392664	109.85
390321	109.50
436086	108.44
463372	109.33
121024	110.94
232902	111.46
23374	111.39
478929	112.28
485289	110.45
259816	111.51
139629	110.37
466032	111.93
234494	111.48
436972	112.54
209146	114.00
182810	113.82
87921	115.80
396484	117.26
99234	118.28
99399	117.00
391522	115.92
236330	117.54
455258	118.57
149327	118.29
494808	118.12
28798	116.57
182809	117.52
3742	115.62
397561	114.52
223886	113.62
195800	112.93
205965	111.05
161056	110.22
497157	110.10
193994	109.73
372590	111.27
265847	110.93
397140	111.81
245398	110.46
312261	109.04
373897	110.28
53585	112.27
350059	112.66
481463	114.64
401120	116.46
318176	117.36
448147	116.41
362601	115.13
474374	113.52
382701	113.11
186981	112.13
295088	111.26
427000	111.75
87031	109.98
408156	109.49
401536	109.17
95968	108.84
190614	110.78
205568	109.38
54744	108.40
429324	109.19
74164	109.92
162526	108.41
404521	109.09
313659	107.33
67582	108.03
71584	109.73
75160	111.57
491804	110.63
83264	109.59
178155	107.69
150373	108.96
53503	108.92
253958	108.44
216847	109.88
359644	107.99
16876	109.86
120338	110.67
81688	110.32
342596	110.54
302116	111.68
130876	113.60
156670	113.29
322850	115.19
200096	114.52
212915	113.45
262845	113.84
445852	112.25
468904	112.63
53920	112.06
255645	110.12
3403	110.68
387712	111.86
87448	110.29
7134	109.73
476779	110.21
47615	111.50
323928	110.58
380880	109.24
210275	109.85
428080	111.73
212452	110.32
230114	111.28
34571	113.26
396133	112.92
31646	114.85
300756	114.80
220337	115.81
427081	114.31
19028	113.35
322423	112.18
155733	110.71
166187	111.27
26807	110.91
44093	112.50
450843	110.81
443622	110.51
301627	110.16
470709	108.75
452478	109.66
284500	109.19
255126	110.69
384110	112.62
59164	111.59
384090	110.63
366020	110.21
481735	108.80
295202	110.67
163052	112.66
449815	111.79
414822	113.15
453448	114.75
327203	115.18
266200	113.51
321363	113.27
372473	111.65
467528	111.79
423637	112.28
461137	112.24
7110	112.75
96935	111.99
53037	113.39
47499	112.98
246510	112.32
209580	113.08
497154	113.57
43725	112.89
325618	111.84
144460	110.88
487314	109.53
290304	109.26
354284	108.52
467084	110.29
496461	111.02
34284	110.60
464643	112.45
137206	112.59
82766	112.60
80171	110.97
308827	111.12
234901	111.14
273215	109.52
393570	107.79
439520	108.47
177265	108.41
444521	106.70
113761	105.29
152512	105.81
17117	106.35
168713	106.98
130762	108.29
200	108.58
346415	106.60
200555	106.60
325482	106.25
447128	107.41
78999	107.96
264821	108.60
346564	107.48
452335	106.27
102154	105.27
86324	105.02
259130	104.82
104008	103.73
117419	103.56
349999	103.69
266391	102.39
3801	103.04
177700	101.59
351907	101.78
367954	100.55
428037	98.87
338077	99.03
7996	98.17
344609	97.05
74238	98.87
108700	98.14
94461	96.94
167681	95.39
378182	96.12
411028	97.95
396983	96.99
368951	95.64
156994	97.29
494371	95.87
173861	95.92
175296	94.18
94026	94.89
178522	93.03
291700	91.39
418598	90.04
145020	88.07
73640	87.81
479942	85.88
451580	86.30
138679	85.94
374884	86.76
442940	84.94
346647	83.79
280058	82.68
111432	81.66
225076	83.56
32675	83.03
405011	83.85
350079	83.99
212488	84.78
82829	85.85
69802	85.14
267869	84.85
377414	85.13
260269	86.39
360165	86.39
74086	87.37
303687	89.27
189610	90.15
275282	88.65
201862	89.95
160996	88.53
263064	88.53
170236	87.28
206916	85.91
291703	86.19
53264	87.45
97944	86.76
389333	86.21
411715	85.37
271066	83.91
391326	84.81
199083	85.80
24632	86.40
180735	87.53
278825	88.58
43977	89.35
8868	91.08
111213	91.85
1684738	91.38